,AoA,CL,CD,CDp,CM,Top_Xtr,Bot_Xtr
0,-10.0,-0.4329,0.0078,0.00425,-0.1508,0.7806,0.0063
1,-9.5,-0.376,0.00748,0.00387,-0.1511,0.7643,0.0063
2,-9.0,-0.3191,0.0071200000000000005,0.00343,-0.1514,0.7478,0.0065
3,-8.5,-0.262,0.00677,0.003,-0.1517,0.7299,0.007
4,-8.0,-0.2049,0.00647,0.00263,-0.152,0.7104,0.0077
5,-7.5,-0.1475,0.00625,0.00234,-0.1523,0.6909,0.0082
6,-7.0,-0.0902,0.00609,0.0021100000000000003,-0.1526,0.6695,0.0084
7,-6.5,-0.0327,0.00592,0.00186,-0.1529,0.6478,0.0091
8,-6.0,0.0246,0.00577,0.00164,-0.1532,0.6239,0.0103
9,-5.5,0.0822,0.00566,0.00148,-0.1535,0.6025,0.0108
10,-5.0,0.1395,0.00558,0.00132,-0.1538,0.5783,0.012
11,-4.5,0.1971,0.00549,0.00118,-0.1541,0.558,0.0135
12,-4.0,0.2544,0.00545,0.00108,-0.1544,0.5353,0.0153
13,-3.5,0.312,0.00541,0.00099,-0.1547,0.5176,0.017
14,-3.0,0.3695,0.00536,0.00091,-0.1551,0.5003,0.0205
15,-2.5,0.427,0.00534,0.00086,-0.1554,0.4847,0.0248
16,-2.0,0.4846,0.0053,0.00081,-0.1558,0.4724,0.03
17,-1.5,0.5423,0.00528,0.00078,-0.1562,0.4613,0.0371
18,-1.0,0.5997,0.00527,0.0007700000000000001,-0.1565,0.4496,0.0466
19,-0.5,0.6574,0.00524,0.0007700000000000001,-0.157,0.4433,0.0616
20,0.0,0.7148,0.005229999999999999,0.00078,-0.1574,0.4346,0.0774
21,0.5,0.7723,0.005229999999999999,0.00081,-0.1578,0.4287,0.0995
22,1.0,0.8296,0.00524,0.00086,-0.1582,0.4207,0.1232
23,1.5,0.887,0.00524,0.00091,-0.1586,0.4159,0.1509
24,2.0,0.9438,0.00527,0.00098,-0.159,0.4068,0.1861
25,2.5,1.0008,0.0053,0.00106,-0.1594,0.4008,0.222
26,3.0,1.0571,0.00536,0.00117,-0.1597,0.3889,0.2719
27,3.5,1.1119,0.005529999999999999,0.00134,-0.1598,0.3638,0.3355
28,4.0,1.1618,0.0059299999999999995,0.0017800000000000001,-0.1592,0.2949,0.5647
29,5.5,1.3063,0.00734,0.00317,-0.1559,0.1274,1.0
30,6.0,1.354,0.00809,0.00367,-0.1547,0.0782,1.0
31,6.5,1.4023,0.00873,0.00413,-0.1536,0.0463,1.0
32,7.0,1.4513,0.00927,0.00456,-0.1527,0.0305,1.0
33,7.5,1.5002,0.009770000000000001,0.00499,-0.1518,0.0221,1.0
34,8.0,1.5484,0.01027,0.00543,-0.1508,0.016,1.0
35,8.5,1.5959,0.01077,0.00589,-0.1496,0.0124,1.0
36,9.0,1.6425,0.01127,0.006370000000000001,-0.1484,0.0105,1.0
37,9.5,1.6879,0.01179,0.00686,-0.147,0.0089,1.0
38,10.0,1.7309,0.01239,0.00744,-0.1451,0.0071,1.0
39,10.5,1.7718,0.012969999999999999,0.00801,-0.1429,0.0066,1.0
40,11.0,1.8048,0.013669999999999998,0.0087,-0.1391,0.0054,1.0
41,11.5,1.8382,0.01438,0.00942,-0.1356,0.0051,1.0
42,12.0,1.8696,0.01523,0.01029,-0.1319,0.0047,1.0
43,12.5,1.8982,0.01627,0.011340000000000001,-0.128,0.004,1.0
44,13.0,1.9265,0.0174,0.012490000000000001,-0.1243,0.0037,1.0
45,13.5,1.9534,0.01865,0.01378,-0.1206,0.0036,1.0
46,14.0,1.9781,0.020130000000000002,0.01529,-0.1169,0.0034,1.0
47,14.5,1.9987,0.02196,0.01715,-0.113,0.0031,1.0
48,15.0,2.0169,0.024059999999999998,0.01929,-0.1091,0.0027,1.0
49,15.5,2.0337,0.02642,0.02171,-0.1054,0.0025,1.0
50,16.0,2.049,0.029,0.02434,-0.102,0.0025,1.0
51,16.5,2.0626,0.03193,0.027339999999999996,-0.0989,0.0024,1.0
52,17.0,2.0733,0.035269999999999996,0.03075,-0.096,0.0023,1.0
53,17.5,2.081,0.03912,0.03467,-0.0934,0.0022,1.0
54,18.0,2.0849,0.04356,0.03918,-0.091,0.0021,1.0
55,18.5,2.084,0.04868,0.04439,-0.0888,0.002,1.0
56,19.0,2.0811,0.05429,0.050089999999999996,-0.0872,0.0019,1.0
57,19.5,2.0743,0.06044,0.05635,-0.0858,0.0017,1.0
58,20.0,2.0654,0.06708,0.06309,-0.0849,0.0016,1.0
59,20.5,2.0527,0.07428,0.07041,-0.0843,0.0015,1.0
60,21.0,2.04,0.08167999999999999,0.07792,-0.0842,0.0015,1.0
61,21.5,2.026,0.08932999999999999,0.08567999999999999,-0.0845,0.0015,1.0
62,22.0,2.0103,0.09732,0.09379,-0.0852,0.0015,1.0
63,22.5,1.9966,0.10509,0.10167000000000001,-0.0863,0.0015,1.0
64,23.0,1.978,0.11363,0.11033,-0.0879,0.0015,1.0
65,23.5,1.9642,0.12158,0.11838,-0.0899,0.0015,1.0
66,24.0,1.9462,0.13035,0.12727,-0.0927,0.0014,1.0
67,24.5,1.9317,0.13852,0.13554000000000002,-0.0956,0.0014,1.0
68,25.0,1.915,0.14731,0.14445,-0.0995,0.0014,1.0
69,25.5,1.9005,0.15587,0.15312,-0.1037,0.0014,1.0
70,26.0,1.8869,0.16435,0.16171,-0.1085,0.0013,1.0
71,26.5,1.8674,0.174,0.17148,-0.1144,0.0013,1.0
72,27.0,1.854,0.18270999999999998,0.1803,-0.1202,0.0013,1.0
73,27.5,1.8332,0.19313,0.19084,-0.1278,0.0012,1.0
74,28.0,1.8159,0.20303,0.20087,-0.1354,0.0012,1.0
75,28.5,1.7955,0.21386999999999998,0.21183000000000002,-0.1442,0.0012,1.0
76,29.0,1.7706,0.22584,0.22395,-0.1543,0.0011,1.0
77,29.5,1.7444,0.23848000000000003,0.23675,-0.1655,0.0011,1.0
78,30.0,1.7133,0.253,0.25143000000000004,-0.1785,0.0011,1.0
