,AoA,CL,CD,CDp,CM,Top_Xtr,Bot_Xtr
0,-10.0,-0.4578,0.00759,0.0030399999999999997,-0.1393,0.5218,0.0459
1,-9.5,-0.3998,0.00744,0.0028699999999999997,-0.1395,0.5103,0.0473
2,-9.0,-0.342,0.00732,0.0027300000000000002,-0.1397,0.4959,0.0494
3,-8.5,-0.2846,0.0072,0.00259,-0.1399,0.4827,0.0515
4,-8.0,-0.2256,0.007090000000000001,0.00246,-0.1403,0.4747,0.0534
5,-7.5,-0.1678,0.0069900000000000006,0.00235,-0.1405,0.4611,0.056
6,-7.0,-0.1086,0.00687,0.00224,-0.141,0.4567,0.0588
7,-6.5,-0.0504,0.0068,0.00215,-0.1413,0.4457,0.0611
8,-6.0,0.009,0.006690000000000001,0.00206,-0.1418,0.4417,0.0648
9,-5.5,0.0678,0.00663,0.00199,-0.1422,0.4357,0.0677
10,-5.0,0.1265,0.00656,0.0019199999999999998,-0.1427,0.4273,0.0716
11,-4.5,0.1862,0.00646,0.00185,-0.1433,0.4251,0.0764
12,-4.0,0.2454,0.006409999999999999,0.0018100000000000002,-0.1438,0.4216,0.0804
13,-3.5,0.3038,0.006379999999999999,0.0017800000000000001,-0.1442,0.4159,0.0849
14,-3.0,0.3626,0.00633,0.00175,-0.1447,0.4093,0.0904
15,-2.5,0.4221,0.00626,0.0017100000000000001,-0.1454,0.4086,0.097
16,-2.0,0.4811,0.00621,0.0017,-0.1459,0.4064,0.1042
17,-1.5,0.5382,0.006220000000000001,0.0017100000000000001,-0.1461,0.3999,0.1117
18,-1.0,0.5959,0.006220000000000001,0.00172,-0.1465,0.3928,0.1196
19,-0.5,0.6541,0.0062,0.00173,-0.147,0.3911,0.1283
20,0.0,0.7096,0.00625,0.0017800000000000001,-0.1469,0.3842,0.1379
21,0.5,0.7656,0.00627,0.00182,-0.147,0.3769,0.1483
22,1.0,0.8212,0.00629,0.00187,-0.147,0.3739,0.1594
23,1.5,0.8643,0.00635,0.0019199999999999998,-0.1443,0.3657,0.169
24,2.0,0.9148,0.00639,0.00199,-0.1433,0.3608,0.1816
25,2.5,0.9682,0.006520000000000001,0.00214,-0.143,0.3549,0.1943
26,3.0,1.0224,0.006670000000000001,0.00229,-0.1429,0.3464,0.2083
27,3.5,1.0767,0.0068,0.00245,-0.1428,0.3423,0.2254
28,4.0,1.1273,0.00702,0.00267,-0.1421,0.3322,0.2423
29,4.5,1.1814,0.00716,0.0028399999999999996,-0.1421,0.3286,0.2619
30,5.0,1.2307,0.00743,0.0031100000000000004,-0.1412,0.3183,0.2824
31,5.5,1.2824,0.00762,0.0033399999999999997,-0.1408,0.3144,0.3052
32,6.0,1.331,0.00793,0.00366,-0.1399,0.3037,0.3333
33,6.5,1.3806,0.00818,0.00395,-0.1393,0.299,0.3711
34,7.0,1.4275,0.00853,0.00435,-0.1383,0.2889,0.4224
35,7.5,1.4756,0.00885,0.00476,-0.1376,0.2818,0.4946
36,8.0,1.5211,0.00924,0.005220000000000001,-0.1364,0.2738,0.5469
37,8.5,1.5649,0.00976,0.00577,-0.1351,0.2621,0.596
38,9.0,1.6068,0.01034,0.0064,-0.1335,0.2552,0.6476
39,9.5,1.6513,0.01085,0.00698,-0.1324,0.2462,0.7067
40,10.0,1.6888,0.01163,0.00785,-0.1303,0.2352,0.7818
41,10.5,1.7267,0.01243,0.00875,-0.1285,0.2234,0.8706
42,11.0,1.7577,0.013309999999999999,0.00983,-0.1253,0.2135,1.0
43,11.5,1.7902,0.0145,0.01098,-0.1229,0.2042,1.0
44,12.0,1.8236,0.01571,0.01214,-0.1207,0.1941,1.0
45,12.5,1.8534,0.01714,0.013519999999999999,-0.1181,0.184,1.0
46,13.0,1.88,0.01882,0.01516,-0.1154,0.1744,1.0
47,13.5,1.903,0.02078,0.01709,-0.1124,0.1641,1.0
48,14.0,1.9238,0.02295,0.019219999999999998,-0.1094,0.1542,1.0
49,14.5,1.9422,0.02537,0.02161,-0.1064,0.1447,1.0
50,15.0,1.9572,0.028130000000000002,0.02434,-0.1034,0.1353,1.0
51,15.5,1.9695,0.03115,0.027360000000000002,-0.1003,0.1273,1.0
52,16.0,1.9787,0.03455,0.03075,-0.0972,0.1193,1.0
53,16.5,1.9867,0.03812,0.03431,-0.0944,0.1125,1.0
54,17.0,1.9934,0.04192,0.03812,-0.0918,0.1061,1.0
55,17.5,1.9965,0.046110000000000005,0.04233,-0.0892,0.0998,1.0
56,18.0,1.9943,0.0508,0.04703,-0.0865,0.0933,1.0
57,18.5,1.9904,0.055810000000000005,0.052070000000000005,-0.084,0.0881,1.0
58,19.0,1.9881,0.06072999999999999,0.05702,-0.082,0.0839,1.0
59,19.5,1.9708,0.06727999999999999,0.06362000000000001,-0.0796,0.0786,1.0
60,20.0,1.9562,0.0736,0.06999,-0.0777,0.0736,1.0
61,20.5,1.946,0.07964,0.07607,-0.0763,0.0702,1.0
62,21.0,1.9357,0.08576,0.08223,-0.0752,0.0665,1.0
63,21.5,1.9203,0.09246,0.08899,-0.0743,0.0626,1.0
64,22.0,1.9097,0.0988,0.09537999999999999,-0.0739,0.0596,1.0
65,22.5,1.8963,0.1054,0.10203,-0.0737,0.056,1.0
66,23.0,1.8844,0.11197,0.10865,-0.0739,0.0534,1.0
67,23.5,1.8887,0.11665999999999999,0.11335999999999999,-0.0745,0.0504,1.0
68,24.0,1.8775,0.12315,0.11989000000000001,-0.0752,0.0474,1.0
69,24.5,1.8717,0.1291,0.12589,-0.0764,0.0456,1.0
70,25.0,1.8626,0.13548,0.13230999999999998,-0.0779,0.0427,1.0
71,25.5,1.87,0.13979,0.13663,-0.0794,0.0407,1.0
72,26.0,1.8634,0.14581,0.14269,-0.0814,0.0382,1.0
73,26.5,1.8579,0.15172,0.14865,-0.0837,0.0365,1.0
74,27.0,1.8652,0.15597,0.1529,-0.0858,0.0343,1.0
75,27.5,1.8632,0.16145,0.15844,-0.0885,0.0332,1.0
76,28.0,1.8578,0.16738,0.1644,-0.0916,0.0311,1.0
77,28.5,1.8685,0.17107,0.16810999999999998,-0.0941,0.0302,1.0
78,29.0,1.8628,0.17690999999999998,0.17399,-0.0976,0.0284,1.0
79,29.5,1.8613,0.18216,0.17929,-0.101,0.0273,1.0
80,30.0,1.8683,0.18622,0.18336,-0.1042,0.026,1.0
