,AoA,CL,CD,CDp,CM,Top_Xtr,Bot_Xtr
0,-10.0,-0.6809,0.0077599999999999995,0.0032,-0.0937,0.5535,0.0548
1,-9.5,-0.6245,0.00761,0.00303,-0.0937,0.5354,0.0572
2,-9.0,-0.568,0.00745,0.00285,-0.0937,0.5212,0.0598
3,-8.5,-0.5108,0.0072900000000000005,0.00268,-0.0938,0.509,0.0631
4,-8.0,-0.4531,0.00716,0.0025399999999999997,-0.094,0.4949,0.0651
5,-7.5,-0.3962,0.00703,0.0024,-0.094,0.4794,0.0696
6,-7.0,-0.3377,0.00692,0.00228,-0.0944,0.4712,0.0729
7,-6.5,-0.2797,0.006809999999999999,0.00217,-0.0946,0.4585,0.0764
8,-6.0,-0.2215,0.006690000000000001,0.00206,-0.0949,0.4509,0.0816
9,-5.5,-0.163,0.00659,0.00196,-0.0952,0.4403,0.0869
10,-5.0,-0.1038,0.0065,0.0018800000000000002,-0.0957,0.4352,0.0911
11,-4.5,-0.0454,0.00643,0.00182,-0.0961,0.4252,0.0963
12,-4.0,0.0141,0.00632,0.0017399999999999998,-0.0966,0.4213,0.1031
13,-3.5,0.0729,0.00625,0.00168,-0.097,0.4153,0.1105
14,-3.0,0.1316,0.0062,0.00164,-0.0974,0.4055,0.1184
15,-2.5,0.1913,0.0061200000000000004,0.00159,-0.0981,0.4036,0.1267
16,-2.0,0.2496,0.0061,0.00158,-0.0984,0.3956,0.1353
17,-1.5,0.3085,0.00607,0.00156,-0.0989,0.3874,0.1447
18,-1.0,0.3669,0.00605,0.00156,-0.0993,0.3809,0.1547
19,-0.5,0.425,0.00606,0.00157,-0.0996,0.3709,0.1651
20,0.0,0.4828,0.00607,0.00159,-0.0999,0.3643,0.1765
21,0.5,0.5404,0.0060799999999999995,0.00162,-0.1002,0.3546,0.189
22,1.0,0.5971,0.00613,0.0016699999999999998,-0.1003,0.3467,0.2018
23,1.5,0.6543,0.0061600000000000005,0.0017100000000000001,-0.1005,0.3381,0.2154
24,2.0,0.7094,0.00624,0.0018,-0.1004,0.3277,0.2312
25,2.5,0.766,0.00628,0.00186,-0.1005,0.3209,0.2482
26,3.0,0.8197,0.00639,0.00197,-0.1001,0.3085,0.2661
27,3.5,0.8738,0.006490000000000001,0.0020800000000000003,-0.0998,0.3016,0.2847
28,4.0,0.9259,0.00658,0.0021899999999999997,-0.0991,0.2922,0.3048
29,4.5,0.9662,0.00671,0.00232,-0.0959,0.2805,0.3247
30,5.0,1.0169,0.00687,0.00249,-0.095,0.2736,0.3474
31,5.5,1.0687,0.00707,0.00271,-0.0944,0.2635,0.3714
32,6.0,1.1179,0.00732,0.00298,-0.0933,0.2511,0.4102
33,6.5,1.167,0.00755,0.0032700000000000003,-0.0924,0.2428,0.459
34,7.0,1.2172,0.007790000000000001,0.0035399999999999997,-0.0916,0.2334,0.4986
35,7.5,1.264,0.00812,0.00389,-0.0903,0.2231,0.5315
36,8.0,1.3104,0.00851,0.00427,-0.089,0.2113,0.5612
37,8.5,1.3536,0.00897,0.00475,-0.0872,0.2,0.5944
38,9.0,1.3991,0.00942,0.0052,-0.0859,0.1913,0.6273
39,9.5,1.4418,0.00993,0.0057399999999999994,-0.0842,0.1824,0.6599
40,10.0,1.485,0.01047,0.0063100000000000005,-0.0827,0.1724,0.7045
41,10.5,1.5248,0.01114,0.00703,-0.0808,0.1632,0.75
42,11.0,1.5635,0.01187,0.00782,-0.0788,0.1534,0.8087
43,11.5,1.6009,0.01264,0.008740000000000001,-0.0767,0.1437,0.9026
44,12.0,1.6302,0.013590000000000001,0.00984,-0.0733,0.1346,0.9949
45,12.5,1.664,0.014730000000000002,0.01093,-0.0711,0.1278,1.0
46,13.0,1.6988,0.01589,0.01206,-0.0691,0.1205,1.0
47,13.5,1.73,0.01729,0.013430000000000001,-0.0669,0.114,1.0
48,14.0,1.7576,0.018930000000000002,0.015040000000000001,-0.0644,0.1069,1.0
49,14.5,1.783,0.020819999999999998,0.0169,-0.062,0.0999,1.0
50,15.0,1.806,0.02292,0.01899,-0.0595,0.0936,1.0
51,15.5,1.8302,0.02504,0.02111,-0.0574,0.0894,1.0
52,16.0,1.8523,0.0274,0.023459999999999998,-0.0553,0.0845,1.0
53,16.5,1.8677,0.0303,0.02635,-0.053,0.0789,1.0
54,17.0,1.8816,0.03342,0.02949,-0.0508,0.0749,1.0
55,17.5,1.8973,0.03653,0.03261,-0.049,0.0715,1.0
56,18.0,1.9043,0.04035,0.03645,-0.0468,0.0669,1.0
57,18.5,1.9131,0.044160000000000005,0.04029,-0.0451,0.0645,1.0
58,19.0,1.9182,0.048369999999999996,0.04452,-0.0435,0.0612,1.0
59,19.5,1.9195,0.05297,0.04916,-0.0419,0.0585,1.0
60,20.0,1.9207,0.057710000000000004,0.053939999999999995,-0.0406,0.0558,1.0
61,20.5,1.9161,0.06299,0.05927999999999999,-0.0394,0.0533,1.0
62,21.0,1.9137,0.06823,0.06456,-0.0385,0.0511,1.0
63,21.5,1.9084,0.07378,0.07017000000000001,-0.0379,0.0496,1.0
64,22.0,1.8975,0.07998999999999999,0.07643,-0.0373,0.0467,1.0
65,22.5,1.8911,0.08584,0.08235,-0.0372,0.0456,1.0
66,23.0,1.8766,0.09254,0.08911000000000001,-0.0373,0.0432,1.0
67,23.5,1.8689,0.09865,0.09527999999999999,-0.0377,0.0419,1.0
68,24.0,1.8569,0.10522999999999999,0.10192000000000001,-0.0384,0.0404,1.0
69,24.5,1.8457,0.11180999999999999,0.10855999999999999,-0.0395,0.0384,1.0
70,25.0,1.8378,0.11809000000000001,0.1149,-0.0409,0.0376,1.0
71,25.5,1.8252,0.12487000000000001,0.12174000000000001,-0.0427,0.0358,1.0
72,26.0,1.8193,0.13095,0.12788,-0.0447,0.0346,1.0
73,26.5,1.824,0.13568,0.13264,-0.0467,0.0334,1.0
74,27.0,1.8139,0.14234000000000002,0.13935,-0.0494,0.0316,1.0
75,27.5,1.8092,0.14824,0.14531,-0.0523,0.031,1.0
76,28.0,1.8033,0.15435,0.15148,-0.0555,0.03,1.0
77,28.5,1.8064,0.15925,0.15639,-0.0584,0.0283,1.0
78,29.0,1.803,0.16505999999999998,0.16226,-0.062,0.0277,1.0
79,29.5,1.7967,0.17124,0.16849,-0.0661,0.0267,1.0
80,30.0,1.8009,0.17590999999999998,0.17318,-0.0696,0.0254,1.0
